1.0   2.0   0.0   0.0   4.0   0.0   0.0   1.0   0.0   12.0   2.0   
0.0   1.0   0.0   0.0   3.0   2.0   0.0   2.0   0.0   42.0   8.0   
5.0   7.0   0.0   3.0   17.0   19.0   0.0   10.0   560.0   952.0   914.0   
3.0   2.0   1.0   4.0   31.0   17.0   0.0   17.0   751.0   1228.0   433.0   
7.0   10.0   1.0   2.0   73.0   50.0   0.0   46.0   20.0   357.0   308.0   
29.0   55.0   5.0   12.0   163.0   126.0   1.0   107.0   10120.0   11197.0   13873.0   
68.0   107.0   16.0   27.0   328.0   149.0   4.0   197.0   34821.0   39909.0   47355.0   
40.0   55.0   6.0   18.0   155.0   83.0   2.0   104.0   374.0   911.0   938.0   
13.0   27.0   3.0   6.0   83.0   40.0   0.0   49.0   147.0   538.0   556.0   
15.0   41.0   11.0   4.0   53.0   45.0   1.0   25.0   509.0   365.0   624.0   
6.0   16.0   4.0   3.0   29.0   19.0   0.0   15.0   11.0   110.0   128.0   
22.0   62.0   4.0   21.0   110.0   89.0   0.0   60.0   238.0   262.0   602.0   
38.0   152.0   14.0   39.0   282.0   242.0   7.0   147.0   964.0   1298.0   1463.0   
64.0   230.0   29.0   51.0   412.0   331.0   6.0   226.0   1805.0   2891.0   2473.0   
100.0   685.0   119.0   169.0   1390.0   1155.0   4.0   720.0   11451.0   12738.0   16832.0   
100.0   659.0   115.0   174.0   1514.0   1221.0   7.0   766.0   65581.0   26111.0   73267.0   
89.0   212.0   60.0   46.0   684.0   644.0   2.0   314.0   18637.0   8503.0   18905.0   
87.0   202.0   51.0   47.0   619.0   603.0   1.0   304.0   3506.0   2990.0   5806.0   
71.0   118.0   42.0   40.0   501.0   460.0   1.0   263.0   2207.0   1632.0   3231.0   
55.0   110.0   27.0   27.0   371.0   361.0   1.0   223.0   1518.0   2079.0   2860.0   
43.0   103.0   20.0   36.0   440.0   363.0   0.0   223.0   3906.0   3025.0   4416.0   
39.0   104.0   26.0   20.0   351.0   295.0   2.0   199.0   6055.0   5262.0   5083.0   
59.0   96.0   32.0   27.0   402.0   397.0   5.0   220.0   2895.0   2742.0   3382.0   
45.0   109.0   28.0   13.0   272.0   278.0   2.0   153.0   2230.0   1866.0   3712.0   
61.0   79.0   16.0   12.0   317.0   317.0   0.0   174.0   4618.0   1785.0   3820.0   
52.0   110.0   27.0   25.0   359.0   363.0   1.0   179.0   2446.0   1133.0   2298.0   
37.0   91.0   22.0   21.0   271.0   288.0   1.0   151.0   895.0   927.0   1177.0   
49.0   109.0   12.0   17.0   271.0   268.0   1.0   151.0   1119.0   1354.0   2814.0   
35.0   99.0   11.0   12.0   260.0   259.0   5.0   146.0   1700.0   2462.0   4785.0   
16.0   22.0   7.0   4.0   92.0   79.0   2.0   55.0   60.0   279.0   203.0   
14.0   17.0   1.0   3.0   43.0   54.0   0.0   25.0   27.0   99.0   132.0   
13.0   20.0   4.0   0.0   40.0   44.0   0.0   23.0   68.0   111.0   81.0   
1.0   5.0   3.0   1.0   24.0   27.0   0.0   11.0   11.0   8.0   15.0   
3.0   9.0   0.0   0.0   23.0   20.0   0.0   10.0   3.0   45.0   30.0   
6.0   5.0   2.0   0.0   18.0   28.0   1.0   12.0   287.0   969.0   4073.0   
13.0   17.0   7.0   4.0   53.0   59.0   0.0   26.0   164.0   323.0   470.0   
10.0   18.0   10.0   3.0   69.0   60.0   0.0   39.0   76.0   106.0   316.0   
28.0   43.0   11.0   7.0   194.0   168.0   1.0   97.0   384.0   404.0   559.0   
51.0   58.0   19.0   9.0   285.0   259.0   0.0   129.0   870.0   641.0   946.0   
25.0   49.0   19.0   7.0   221.0   223.0   1.0   106.0   338.0   518.0   509.0   
21.0   65.0   12.0   13.0   183.0   180.0   1.0   90.0   263.0   324.0   545.0   
20.0   52.0   15.0   5.0   152.0   163.0   2.0   80.0   1216.0   471.0   1107.0   
29.0   51.0   6.0   4.0   170.0   171.0   2.0   84.0   290.0   225.0   493.0   
35.0   37.0   10.0   8.0   148.0   126.0   2.0   66.0   652.0   433.0   991.0   
22.0   35.0   14.0   3.0   210.0   166.0   1.0   90.0   148.0   184.0   404.0   
30.0   45.0   12.0   7.0   230.0   189.0   2.0   95.0   714.0   605.0   1373.0   
33.0   35.0   12.0   5.0   168.0   140.0   1.0   70.0   507.0   269.0   446.0   
29.0   55.0   9.0   10.0   149.0   122.0   1.0   77.0   333.0   245.0   497.0   
29.0   64.0   8.0   7.0   192.0   175.0   0.0   96.0   528.0   535.0   1381.0   
35.0   88.0   6.0   4.0   186.0   133.0   0.0   93.0   360.0   301.0   700.0   
28.0   93.0   13.0   6.0   283.0   233.0   1.0   127.0   985.0   1160.0   1943.0   
34.0   101.0   14.0   3.0   267.0   216.0   1.0   127.0   2722.0   1589.0   2620.0   
32.0   72.0   12.0   9.0   198.0   133.0   3.0   106.0   671.0   601.0   855.0   
0.0   2.0   0.0   0.0   2.0   2.0   0.0   2.0   28.0   13.0   18.0   
1.0   0.0   0.0   0.0   2.0   0.0   0.0   2.0   0.0   18.0   4.0   
2.0   3.0   2.0   0.0   21.0   12.0   0.0   14.0   11.0   16.0   60.0   
7.0   25.0   5.0   3.0   64.0   55.0   0.0   34.0   122.0   78.0   162.0   
12.0   33.0   3.0   4.0   118.0   112.0   1.0   61.0   348.0   123.0   279.0   
58.0   125.0   30.0   18.0   425.0   439.0   2.0   214.0   3320.0   5732.0   11681.0   
100.0   235.0   60.0   26.0   612.0   699.0   3.0   343.0   3497.0   2180.0   4651.0   
89.0   144.0   43.0   15.0   503.0   473.0   4.0   244.0   789.0   931.0   2086.0   
82.0   123.0   31.0   11.0   397.0   345.0   1.0   200.0   2197.0   951.0   2970.0   
42.0   94.0   20.0   20.0   275.0   254.0   1.0   141.0   591.0   593.0   1030.0   
38.0   75.0   20.0   23.0   195.0   250.0   2.0   105.0   831.0   295.0   652.0   
42.0   68.0   14.0   4.0   155.0   167.0   7.0   88.0   242.0   233.0   420.0   
48.0   65.0   18.0   6.0   179.0   202.0   3.0   94.0   263.0   573.0   654.0   
36.0   72.0   10.0   5.0   176.0   193.0   2.0   93.0   90.0   259.0   300.0   
46.0   57.0   12.0   16.0   174.0   200.0   3.0   89.0   1119.0   737.0   962.0   
51.0   49.0   7.0   10.0   138.0   139.0   0.0   65.0   820.0   747.0   1448.0   
26.0   41.0   5.0   4.0   107.0   108.0   0.0   58.0   245.0   208.0   329.0   
34.0   44.0   5.0   13.0   123.0   116.0   2.0   64.0   72062.0   7725.0   15769.0   
28.0   31.0   11.0   7.0   118.0   141.0   1.0   69.0   46564.0   24857.0   26741.0   
19.0   38.0   15.0   5.0   103.0   80.0   2.0   53.0   59229.0   26103.0   109402.0   
16.0   23.0   4.0   9.0   75.0   77.0   1.0   45.0   23.0   116.0   116.0   
13.0   20.0   0.0   1.0   37.0   32.0   0.0   25.0   44.0   47.0   75.0   
1.0   2.0   1.0   1.0   13.0   9.0   0.0   12.0   3.0   9.0   6.0   
9.0   10.0   3.0   3.0   14.0   22.0   0.0   9.0   104.0   109.0   202.0   
0.0   1.0   2.0   1.0   1.0   6.0   0.0   1.0   0.0   0.0   1.0   
2.0   7.0   0.0   0.0   6.0   6.0   0.0   4.0   8.0   12.0   15.0   
0.0   6.0   4.0   2.0   11.0   21.0   0.0   9.0   2.0   1.0   5.0   
7.0   6.0   0.0   1.0   23.0   22.0   0.0   11.0   25.0   7.0   22.0   
13.0   17.0   7.0   2.0   49.0   60.0   0.0   33.0   25.0   46.0   106.0   
22.0   47.0   7.0   25.0   132.0   129.0   2.0   67.0   205.0   299.0   386.0   
42.0   53.0   15.0   13.0   166.0   162.0   2.0   81.0   105.0   173.0   322.0   
45.0   90.0   10.0   25.0   185.0   177.0   2.0   91.0   410.0   533.0   1036.0   
61.0   67.0   19.0   19.0   203.0   182.0   1.0   80.0   156.0   272.0   312.0   
40.0   47.0   7.0   7.0   118.0   115.0   0.0   50.0   33.0   78.0   88.0   
14.0   45.0   10.0   2.0   92.0   107.0   0.0   56.0   633.0   510.0   818.0   
21.0   70.0   12.0   13.0   143.0   205.0   1.0   69.0   344.0   353.0   686.0   
14.0   61.0   5.0   11.0   71.0   129.0   1.0   49.0   56340.0   37811.0   131738.0   
21.0   60.0   6.0   7.0   67.0   86.0   2.0   41.0   51.0   40.0   166.0   
9.0   26.0   4.0   4.0   62.0   80.0   0.0   33.0   37.0   52.0   193.0   
22.0   52.0   11.0   9.0   99.0   92.0   3.0   49.0   995.0   248.0   604.0   
8.0   28.0   3.0   11.0   64.0   59.0   1.0   32.0   57.0   57.0   131.0   
14.0   26.0   6.0   9.0   43.0   62.0   0.0   25.0   136.0   318.0   673.0   
9.0   27.0   0.0   0.0   39.0   56.0   0.0   22.0   297.0   248.0   442.0   
1.0   15.0   1.0   3.0   27.0   34.0   0.0   18.0   556.0   671.0   856.0   
8.0   19.0   5.0   1.0   38.0   48.0   1.0   19.0   108.0   41.0   93.0   
6.0   12.0   1.0   2.0   23.0   27.0   0.0   14.0   50.0   63.0   95.0   
0.0   1.0   1.0   0.0   2.0   1.0   0.0   2.0   0.0   0.0   1.0   
1.0   0.0   1.0   0.0   2.0   4.0   0.0   2.0   0.0   0.0   0.0   
0.0   7.0   0.0   0.0   18.0   17.0   0.0   5.0   1.0   1.0   7.0   
5.0   1.0   0.0   0.0   4.0   7.0   0.0   2.0   2.0   2.0   3.0   
2.0   3.0   0.0   0.0   7.0   8.0   0.0   3.0   0.0   1.0   4.0   
0.0   2.0   0.0   1.0   2.0   7.0   0.0   2.0   0.0   0.0   1.0   
9.0   18.0   4.0   7.0   50.0   51.0   0.0   18.0   23.0   7.0   29.0   
14.0   22.0   3.0   4.0   64.0   83.0   1.0   30.0   9.0   19.0   37.0   
20.0   26.0   5.0   0.0   57.0   56.0   1.0   29.0   180.0   91.0   855.0   
12.0   16.0   4.0   2.0   44.0   50.0   0.0   20.0   46.0   22.0   94.0   
9.0   7.0   4.0   1.0   25.0   26.0   1.0   9.0   20.0   20.0   80.0   
6.0   21.0   1.0   4.0   30.0   37.0   0.0   18.0   35.0   28.0   142.0   
4.0   11.0   1.0   2.0   26.0   37.0   3.0   13.0   252.0   434.0   1515.0   
6.0   7.0   1.0   2.0   24.0   29.0   1.0   14.0   63.0   53.0   97.0   
4.0   24.0   0.0   4.0   30.0   47.0   0.0   16.0   72.0   64.0   108.0   
6.0   20.0   5.0   3.0   43.0   46.0   0.0   25.0   153.0   56.0   198.0   
5.0   9.0   5.0   3.0   29.0   26.0   0.0   13.0   9.0   37.0   67.0   
6.0   7.0   1.0   2.0   19.0   19.0   2.0   13.0   9.0   32.0   19.0   
5.0   10.0   0.0   1.0   27.0   38.0   0.0   13.0   6.0   12.0   39.0   
4.0   3.0   1.0   4.0   21.0   31.0   1.0   11.0   26.0   12.0   19.0   
9.0   13.0   4.0   3.0   34.0   32.0   2.0   16.0   10.0   11.0   53.0   
8.0   16.0   3.0   2.0   22.0   21.0   0.0   11.0   7.0   23.0   13.0   
3.0   2.0   0.0   0.0   5.0   2.0   0.0   4.0   0.0   7.0   2.0   
1.0   6.0   1.0   2.0   6.0   8.0   0.0   3.0   3.0   6.0   7.0   
0.0   0.0   0.0   0.0   1.0   2.0   0.0   1.0   0.0   0.0   0.0   
0.0   1.0   1.0   1.0   2.0   6.0   0.0   2.0   1.0   3.0   10.0   
2.0   1.0   0.0   0.0   4.0   2.0   0.0   3.0   1.0   3.0   3.0   
0.0   3.0   0.0   1.0   5.0   7.0   0.0   3.0   4.0   4.0   5.0   
0.0   1.0   0.0   0.0   3.0   2.0   0.0   3.0   0.0   0.0   3.0   
2.0   8.0   1.0   1.0   19.0   10.0   0.0   10.0   3.0   32.0   13.0   
2.0   6.0   1.0   0.0   23.0   23.0   0.0   8.0   1.0   1.0   5.0   
6.0   17.0   2.0   1.0   30.0   37.0   0.0   17.0   0.0   7.0   11.0   
3.0   11.0   1.0   3.0   22.0   25.0   0.0   15.0   2.0   9.0   4.0   
1.0   7.0   0.0   0.0   17.0   19.0   0.0   7.0   8.0   16.0   1.0   
4.0   8.0   1.0   0.0   22.0   28.0   1.0   13.0   4.0   4.0   11.0   
1.0   8.0   3.0   2.0   25.0   25.0   1.0   13.0   10.0   48.0   13.0   
2.0   7.0   0.0   1.0   21.0   16.0   1.0   9.0   49.0   49.0   32.0   
5.0   10.0   0.0   1.0   18.0   18.0   2.0   9.0   4.0   6.0   6.0   
2.0   4.0   1.0   1.0   14.0   10.0   1.0   10.0   11.0   10.0   11.0   
4.0   9.0   2.0   1.0   15.0   25.0   0.0   6.0   10.0   15.0   27.0   
4.0   4.0   0.0   1.0   10.0   14.0   0.0   8.0   8.0   4.0   9.0   
4.0   6.0   1.0   3.0   23.0   26.0   1.0   12.0   112.0   9.0   95.0   
2.0   12.0   1.0   1.0   28.0   29.0   1.0   15.0   363.0   80.0   204.0   
2.0   8.0   0.0   2.0   13.0   14.0   1.0   9.0   0.0   0.0   1.0   
1.0   9.0   1.0   1.0   18.0   11.0   0.0   10.0   0.0   2.0   3.0   
0.0   3.0   2.0   0.0   7.0   6.0   0.0   4.0   0.0   1.0   3.0   
0.0   1.0   1.0   1.0   3.0   2.0   0.0   2.0   0.0   0.0   0.0   
0.0   0.0   1.0   0.0   2.0   1.0   0.0   1.0   0.0   0.0   0.0   
0.0   0.0   2.0   0.0   4.0   2.0   0.0   2.0   0.0   0.0   0.0   
0.0   0.0   2.0   0.0   4.0   2.0   0.0   2.0   0.0   0.0   2.0   
1.0   1.0   1.0   0.0   5.0   6.0   0.0   4.0   0.0   1.0   4.0   
3.0   2.0   1.0   0.0   6.0   4.0   0.0   3.0   317.0   42.0   70.0   
17.0   13.0   5.0   0.0   29.0   31.0   0.0   12.0   666.0   345.0   883.0   
16.0   15.0   7.0   1.0   36.0   42.0   0.0   17.0   35.0   9.0   20.0   
36.0   34.0   13.0   3.0   73.0   82.0   1.0   36.0   77.0   26.0   45.0   
4.0   17.0   1.0   3.0   22.0   32.0   2.0   14.0   58.0   35.0   71.0   
26.0   28.0   7.0   1.0   55.0   59.0   1.0   22.0   95.0   81.0   95.0   
6.0   4.0   2.0   0.0   11.0   11.0   0.0   5.0   9.0   20.0   18.0   
18.0   19.0   5.0   3.0   40.0   52.0   1.0   17.0   66.0   15.0   30.0   
17.0   11.0   7.0   1.0   35.0   38.0   0.0   15.0   9.0   5.0   11.0   
7.0   13.0   3.0   1.0   25.0   29.0   1.0   14.0   25.0   9.0   23.0   
10.0   11.0   4.0   3.0   24.0   34.0   0.0   13.0   19.0   4.0   12.0   
11.0   25.0   3.0   2.0   35.0   40.0   0.0   16.0   7.0   0.0   18.0   
3.0   1.0   1.0   0.0   4.0   3.0   0.0   1.0   7.0   1.0   6.0   
3.0   5.0   2.0   0.0   16.0   17.0   0.0   6.0   4.0   6.0   8.0   
3.0   3.0   1.0   1.0   7.0   9.0   0.0   3.0   7.0   0.0   5.0   
5.0   5.0   1.0   0.0   10.0   10.0   0.0   5.0   2.0   0.0   2.0   
5.0   1.0   1.0   3.0   13.0   8.0   0.0   9.0   15.0   8.0   11.0   
4.0   3.0   1.0   0.0   2.0   4.0   1.0   2.0   0.0   0.0   1.0   
0.0   0.0   0.0   0.0   1.0   1.0   0.0   1.0   0.0   0.0   1.0   
0.0   0.0   0.0   0.0   1.0   1.0   0.0   1.0   0.0   7.0   0.0   
0.0   3.0   0.0   0.0   3.0   6.0   0.0   2.0   0.0   0.0   0.0   
0.0   0.0   0.0   0.0   1.0   1.0   0.0   1.0   0.0   0.0   0.0   
0.0   1.0   0.0   1.0   7.0   4.0   0.0   3.0   0.0   10.0   4.0   
0.0   0.0   0.0   0.0   1.0   1.0   0.0   1.0   0.0   0.0   0.0   
0.0   5.0   0.0   2.0   7.0   9.0   1.0   6.0   39.0   61.0   67.0   
0.0   7.0   1.0   0.0   11.0   9.0   0.0   10.0   7.0   9.0   6.0   
0.0   1.0   0.0   1.0   8.0   6.0   0.0   4.0   8.0   0.0   8.0   
3.0   4.0   0.0   0.0   15.0   16.0   0.0   8.0   17.0   10.0   29.0   
6.0   4.0   2.0   0.0   14.0   13.0   0.0   7.0   0.0   2.0   2.0   
0.0   0.0   0.0   0.0   4.0   3.0   0.0   2.0   5.0   4.0   13.0   
6.0   10.0   5.0   2.0   36.0   37.0   0.0   16.0   20.0   9.0   24.0   
6.0   5.0   0.0   1.0   9.0   16.0   0.0   7.0   43.0   94.0   100.0   
2.0   5.0   2.0   1.0   13.0   22.0   0.0   5.0   38.0   25.0   59.0   
3.0   2.0   0.0   3.0   6.0   6.0   0.0   5.0   3.0   13.0   5.0   
0.0   1.0   0.0   0.0   1.0   1.0   0.0   1.0   1.0   0.0   3.0   
2.0   1.0   0.0   1.0   5.0   4.0   0.0   3.0   4.0   7.0   5.0   
5.0   4.0   3.0   0.0   11.0   14.0   0.0   6.0   36.0   56.0   40.0   
3.0   6.0   3.0   1.0   10.0   21.0   0.0   6.0   0.0   0.0   1.0   
1.0   4.0   0.0   0.0   5.0   9.0   0.0   2.0   1.0   1.0   7.0   
1.0   1.0   0.0   0.0   9.0   10.0   1.0   3.0   0.0   0.0   2.0   
2.0   11.0   1.0   0.0   10.0   10.0   0.0   4.0   1.0   5.0   1.0   
0.0   2.0   0.0   0.0   2.0   2.0   0.0   2.0   0.0   0.0   0.0   
0.0   0.0   0.0   0.0   1.0   1.0   0.0   1.0   0.0   0.0   0.0   
0.0   2.0   0.0   0.0   2.0   5.0   0.0   1.0   0.0   0.0   0.0   
0.0   1.0   1.0   0.0   1.0   4.0   0.0   1.0   0.0   0.0   0.0   
0.0   0.0   0.0   0.0   1.0   0.0   0.0   1.0   0.0   0.0   0.0   
0.0   0.0   0.0   0.0   1.0   3.0   0.0   1.0   61.0   6.0   72.0   
4.0   3.0   1.0   0.0   5.0   6.0   0.0   2.0   35.0   6.0   4.0   
5.0   6.0   2.0   0.0   9.0   6.0   0.0   6.0   0.0   19.0   7.0   
0.0   3.0   1.0   0.0   6.0   5.0   0.0   2.0   0.0   0.0   1.0   
0.0   3.0   0.0   0.0   8.0   7.0   0.0   3.0   7.0   3.0   15.0   
3.0   2.0   1.0   1.0   6.0   6.0   0.0   3.0   0.0   0.0   1.0   
2.0   2.0   1.0   0.0   10.0   11.0   0.0   4.0   0.0   0.0   0.0   
3.0   7.0   0.0   0.0   6.0   10.0   0.0   5.0   7.0   3.0   10.0   
3.0   1.0   0.0   1.0   5.0   2.0   0.0   2.0   4.0   4.0   6.0   
2.0   2.0   0.0   0.0   1.0   1.0   0.0   1.0   0.0   0.0   4.0   
0.0   1.0   0.0   0.0   1.0   0.0   0.0   6.0   6.0   2.0   7.0   
0.0   1.0   0.0   0.0   2.0   0.0   0.0   3.0   0.0   0.0   1.0   
1.0   4.0   0.0   0.0   3.0   8.0   0.0   4.0   121.0   64.0   73.0   
0.0   5.0   0.0   0.0   7.0   10.0   0.0   6.0   0.0   9.0   3.0   
0.0   1.0   0.0   0.0   4.0   5.0   0.0   6.0   1.0   2.0   0.0   
0.0   0.0   0.0   0.0   1.0   0.0   0.0   1.0   0.0   0.0   0.0   
0.0   4.0   1.0   0.0   7.0   6.0   0.0   4.0   4.0   4.0   6.0   
0.0   0.0   0.0   0.0   0.0   0.0   0.0   1.0   0.0   0.0   0.0   
1.0   2.0   0.0   1.0   3.0   8.0   0.0   2.0   0.0   2.0   0.0   
1.0   2.0   0.0   1.0   6.0   13.0   0.0   3.0   2.0   1.0   1.0   
0.0   0.0   0.0   0.0   1.0   0.0   0.0   2.0   0.0   0.0   0.0   
2.0   0.0   0.0   2.0   9.0   12.0   0.0   3.0   1.0   6.0   9.0   
0.0   4.0   1.0   0.0   5.0   4.0   1.0   3.0   63.0   8.0   33.0   
1.0   2.0   0.0   1.0   4.0   11.0   0.0   3.0   0.0   0.0   0.0   
1.0   7.0   1.0   1.0   11.0   13.0   0.0   4.0   85.0   18.0   56.0   
1.0   7.0   2.0   0.0   8.0   13.0   0.0   6.0   24.0   21.0   52.0   
0.0   0.0   0.0   0.0   1.0   0.0   0.0   1.0   2.0   0.0   2.0   
3.0   7.0   1.0   0.0   8.0   12.0   0.0   5.0   12.0   2.0   1.0   
0.0   1.0   0.0   0.0   3.0   6.0   1.0   2.0   2.0   4.0   2.0   
5.0   19.0   4.0   1.0   32.0   25.0   0.0   11.0   83.0   12.0   111.0   
0.0   0.0   0.0   4.0   4.0   2.0   0.0   2.0   0.0   0.0   0.0   
0.0   1.0   0.0   0.0   4.0   2.0   0.0   3.0   428.0   206.0   603.0   
0.0   0.0   0.0   0.0   4.0   1.0   1.0   2.0   0.0   2.0   2.0   
1.0   4.0   0.0   0.0   1.0   1.0   0.0   1.0   1.0   1.0   3.0   
1.0   7.0   1.0   0.0   4.0   4.0   0.0   6.0   3.0   9.0   29.0   
0.0   1.0   0.0   0.0   3.0   2.0   0.0   5.0   3.0   3.0   8.0   
0.0   0.0   0.0   0.0   0.0   0.0   0.0   1.0   0.0   0.0   0.0   
1.0   1.0   0.0   0.0   4.0   10.0   0.0   1.0   0.0   0.0   0.0   
0.0   1.0   0.0   0.0   4.0   4.0   0.0   3.0   0.0   15.0   2.0   
0.0   9.0   0.0   1.0   5.0   6.0   1.0   5.0   3.0   9.0   2.0   
0.0   1.0   0.0   0.0   7.0   6.0   0.0   2.0   0.0   0.0   0.0   
4.0   8.0   1.0   2.0   32.0   40.0   0.0   14.0   3.0   5.0   41.0   
2.0   2.0   1.0   0.0   12.0   14.0   1.0   7.0   1.0   2.0   8.0   
3.0   2.0   1.0   1.0   9.0   4.0   0.0   3.0   0.0   0.0   1.0   
4.0   7.0   1.0   1.0   16.0   15.0   0.0   5.0   2.0   0.0   7.0   
3.0   4.0   0.0   0.0   9.0   6.0   1.0   7.0   0.0   9.0   10.0   
2.0   5.0   1.0   0.0   7.0   12.0   0.0   5.0   9.0   0.0   2.0   
15.0   28.0   0.0   1.0   12.0   37.0   0.0   10.0   184.0   33.0   46.0   
3.0   3.0   1.0   0.0   7.0   6.0   0.0   2.0   0.0   0.0   1.0   
2.0   4.0   0.0   1.0   2.0   2.0   1.0   2.0   1.0   6.0   6.0   
0.0   2.0   1.0   0.0   6.0   5.0   0.0   4.0   0.0   3.0   0.0   
2.0   0.0   0.0   0.0   2.0   5.0   0.0   1.0   0.0   0.0   0.0   
0.0   2.0   0.0   0.0   1.0   1.0   0.0   1.0   0.0   0.0   0.0   
1.0   1.0   1.0   1.0   10.0   6.0   0.0   3.0   0.0   0.0   1.0   
